image: /home/hj/sentry_ros_25/map/lab_map_6_1.pgm
resolution: 0.052000
origin: [-3.000000, -7.000000, 0.000000]
negate: 0
occupied_thresh: 0.65
free_thresh: 0.196
